city: 上海市
district: 青浦区

areaId: 310118

latitude: 31.163318
longitude: 121.147675 
